$ 1 0.000005 382.76258214399064 50 5 43 5e-11
r -208 144 -208 208 0 10000
350 -208 144 -208 64 0 10000 4160 -55 125 0.49010000000000004 Temperature
r -112 48 -112 112 0 10000
174 -112 112 -112 176 1 10000 0.6188 Resistance
r -112 176 -112 240 0 10000
w -208 64 -208 48 0
w -208 208 -208 240 0
g -160 256 -160 272 0 0
w -96 144 -48 144 0
w -48 144 -48 80 0
a 16 48 64 48 9 15 -15 1000000 0.4603972512151104 0.4604 100000
r 256 48 336 48 0 5600
r 80 80 80 144 0 8200
174 112 160 80 208 1 10000 0.5 Resistance
a -48 336 16 336 8 15 -15 1000000 0.5735184477100292 0.5735260380821289 100000
r 64 256 64 320 0 8200
w -48 80 -48 32 0
w -48 32 16 32 0
w 16 64 -16 64 0
w -16 64 -16 144 0
w -16 144 80 144 0
w 192 48 256 48 0
w -48 320 -96 320 0
w -96 320 -96 256 0
w -96 256 64 256 0
w 64 256 64 192 0
w 64 192 80 192 0
w 64 320 64 336 0
w 64 336 16 336 0
w 64 336 96 336 0
r 96 336 192 336 0 1200
r 192 336 304 336 0 5600
a 224 192 304 192 8 15 -15 1000000 0.6250668742338911 0.6250894670272794 100000
w 112 160 112 144 0
w 112 144 80 144 0
w 192 48 192 176 0
w 192 176 224 176 0
w 224 208 192 208 0
w 192 208 192 336 0
w 304 192 368 192 0
w 368 192 368 48 0
w 368 48 336 48 0
w 368 192 432 192 0
w 432 192 432 -16 0
w 432 -16 496 -16 0
g 576 -16 544 -16 0 0
r 576 -16 624 -16 0 1000
r 624 -16 704 -16 0 8200
R 704 -16 752 -16 0 0 40 15 0 0 0.5
a 656 -80 736 -80 9 15 -15 1000000 1.6304347826086953 2.259279338829315 100000
w 656 -64 624 -64 0
w 624 -64 624 -16 0
r 816 -80 864 -80 0 1500
g 864 -80 896 -80 0 0
a 672 48 720 48 9 15 -15 1000000 2.25 2.259279338829315 100000
g 560 96 544 96 0 0
R 752 96 784 96 0 0 40 15 0 0 0.5
w 672 64 640 64 0
r 784 48 832 48 0 1500
g 832 48 896 48 0 0
w 496 -16 496 32 0
162 720 48 784 48 2 default-led 1 0 0 0.01
g 896 -192 928 -192 0 0
r 896 -192 832 -192 0 1500
162 688 -192 832 -192 2 1N4004 0 1 0 0.01
R 688 -192 640 -192 0 0 40 15 0 0 0.5
w 560 416 432 416 0
g 304 336 336 336 0 0
w 496 32 672 32 0
w 496 -16 496 -96 0
w 496 -96 656 -96 0
w 432 192 432 416 0
w -208 144 -288 144 0
w -288 144 -288 352 0
w -288 352 -48 352 0
162 736 -80 816 -80 2 default-led 1 1 0 0.01
r 560 96 640 96 0 1200
r 640 96 752 96 0 6800
w 640 64 640 96 0
r 192 48 80 48 0 1200
w 64 48 80 48 0
w 80 48 80 80 0
w -208 240 -160 240 0
w -160 240 -112 240 0
w -160 240 -160 256 0
a 640 432 720 432 9 15 -15 1000000 1.7013188129058234 2.259279338829315 100000
w 560 416 640 416 0
r 720 432 864 432 0 1000
t 864 432 928 432 0 1 -12.518638201825931 0.7800429852682449 100 default
R 928 416 928 288 0 0 40 15 0 0 0.5
w 640 448 640 496 0
w 640 496 928 496 0
w 928 448 928 496 0
415 928 496 928 576 0 0.5 1 0.15 0.15 0.02 0.05 1 0
w 928 496 1040 496 0
d 1040 576 1040 496 2 1N4148
w 928 576 976 576 0
w 976 576 1040 576 0
g 976 576 976 608 0 0
w -208 48 -160 48 0
w -160 48 -112 48 0
R -160 48 -160 -16 0 0 40 1 0 0 0.5
